
Pavarde1	Vardas1	8.5	9.85	4.93	4.07	5.98	4.02
Pavarde3	Vardas3	2.72	5.73	7.82	8.14	3.86	4.98
Pavarde6	Vardas6	9.85	2.32	3.13	4.44	8.16	4.49
Pavarde7	Vardas7	8.29	2.51	1.8	5.52	6.28	4.55
Pavarde9	Vardas9	6.77	4.76	7.01	4.92	2.03	3.6
Pavarde11	Vardas11	5.45	7.9	2.99	4.33	4.25	3.99
Pavarde12	Vardas12	8.09	2.51	1.42	9.24	3.58	3.1
Pavarde15	Vardas15	6.24	9.97	2.94	6.12	6.99	4.71
Pavarde17	Vardas17	3.2	3.47	3.48	9.72	3.24	4.4
Pavarde18	Vardas18	4.03	4.66	3.04	3.78	6.65	4.04
Pavarde21	Vardas21	1.43	3.43	5.27	2.89	5.91	3.61
Pavarde23	Vardas23	7.67	2.32	2.37	9.26	3.75	2.97
Pavarde24	Vardas24	6	7.65	7.68	1.58	4.17	4.29
Pavarde25	Vardas25	1.77	1.11	2.24	6.23	8.33	3.63
Pavarde26	Vardas26	4.49	6.48	3.61	2.47	4.31	4.45
Pavarde34	Vardas34	6.69	6.27	4.45	9.62	1.25	4.48
Pavarde38	Vardas38	3.68	5.16	5.96	4.87	5.18	4.44
Pavarde41	Vardas41	8.92	6.09	1.91	2.21	9.7	4.59
Pavarde45	Vardas45	5.01	9	2.32	2.33	9.5	4.71
Pavarde47	Vardas47	6.24	3.21	2.82	3.17	6.85	3.11
Pavarde50	Vardas50	1.98	5.19	8.6	1.12	1.42	2.51
Pavarde51	Vardas51	2.77	2.62	5.43	5.9	2.09	3.68
Pavarde54	Vardas54	6.33	4.17	1.92	7.88	6.47	4.78
Pavarde57	Vardas57	2.05	6.89	9.12	3.88	4.52	4.99
Pavarde59	Vardas59	3.62	8.87	3.28	5.93	4.41	4.34
Pavarde71	Vardas71	5.24	1.49	5.85	5.76	1.82	4.33
Pavarde72	Vardas72	2	5.35	7.34	4.47	8.43	4.18
Pavarde74	Vardas74	6.52	2.45	1.77	1.15	5.71	2.24
Pavarde75	Vardas75	8.7	6.22	4.91	7.04	6.48	4.79
Pavarde81	Vardas81	7.32	2.7	4	8.44	3.44	3.74
Pavarde84	Vardas84	8.45	7.27	5.06	3.37	2.07	3.98
Pavarde85	Vardas85	7.79	7.98	3.59	2.61	6.1	4.89
Pavarde87	Vardas87	6.3	2.01	1.86	2.03	7.63	4.39
Pavarde89	Vardas89	7.86	9.42	5.17	3.95	5.94	4.43
Pavarde91	Vardas91	1.73	6.68	8.02	3.87	3.85	4.51
Pavarde95	Vardas95	8.95	7.3	5.26	5.04	5.18	4.19
Pavarde97	Vardas97	6.94	2.17	2.88	5.41	3.03	3.55
Pavarde104	Vardas104	3.4	1.25	4.7	3.3	2.76	4.46
Pavarde107	Vardas107	8.16	3.37	2.32	9.79	5.55	3.95
Pavarde110	Vardas110	9.03	9.17	2.23	1.54	4.73	4.63
Pavarde111	Vardas111	2.24	9.09	5.71	8.79	4.44	4.4
Pavarde114	Vardas114	3.97	9.77	4.92	1.53	7.21	3.86
Pavarde115	Vardas115	2.56	9.84	3.5	2.93	8.48	4.78
Pavarde116	Vardas116	2.74	2.09	3.26	9.42	8.27	4.74
Pavarde117	Vardas117	8.04	1.66	3.78	5.19	4.02	4.85
Pavarde118	Vardas118	1.46	1.68	9.71	5.04	2.48	2.6
Pavarde119	Vardas119	9.21	1.71	5.59	4.02	5.37	4.13
Pavarde120	Vardas120	6.44	9.79	1.64	3.12	7.77	4.52
Pavarde127	Vardas127	3.76	1.89	8.93	1.92	5.85	3.48
Pavarde132	Vardas132	4.77	4.35	2.7	6.27	9.46	4.81
Pavarde133	Vardas133	1.57	9.51	3.04	1.72	3.76	3.22
Pavarde134	Vardas134	3.64	5.2	4.26	1.37	4.04	3.97
Pavarde141	Vardas141	6.76	3.94	1.45	3.97	8.96	4
Pavarde143	Vardas143	7.43	9.48	3.39	4.26	5.94	4.74
Pavarde148	Vardas148	8.57	3.52	4.31	6.69	4.53	3.15
Pavarde150	Vardas150	9.14	7.66	3.62	3.39	4.6	3.72
Pavarde152	Vardas152	1.47	2.13	1.58	7.08	6.89	1.93
Pavarde156	Vardas156	6.76	3.03	3.84	5.22	3.39	3.7
Pavarde157	Vardas157	8.51	7.49	3.25	5.84	5.95	4.61
Pavarde159	Vardas159	4.83	1.75	5.33	8.3	4.15	4.68
Pavarde163	Vardas163	8.02	1.18	9.63	4.23	3.73	4.49
Pavarde164	Vardas164	3.91	6.67	3.42	4.25	1.12	4.96
Pavarde165	Vardas165	5.2	3.05	9.33	3.74	6.79	4.56
Pavarde167	Vardas167	5.81	1.27	1.41	9.16	6.34	4.69
Pavarde175	Vardas175	7.32	4.5	5.29	4.92	5.64	4.79
Pavarde177	Vardas177	2.7	8.22	8.06	2.84	1.12	3.96
Pavarde180	Vardas180	2.45	3.02	7.5	1.73	8.54	2.32
Pavarde183	Vardas183	1	8.69	1.74	3.75	3.61	4.98
Pavarde189	Vardas189	3.25	4.62	2.03	1.55	5.11	3.71
Pavarde190	Vardas190	9.82	4.35	3.11	6.4	4.4	4.04
Pavarde192	Vardas192	3.34	2.23	6.44	4.71	8.85	4.61
Pavarde193	Vardas193	8.7	2.86	1.87	9.98	6.82	4.67
Pavarde196	Vardas196	6.73	1.83	3.79	2.18	9.75	3.19
Pavarde205	Vardas205	2.09	5.69	3.87	2.1	9.17	4.07
Pavarde210	Vardas210	5.89	2.19	9.56	1.23	3.88	4.89
Pavarde216	Vardas216	4.33	1.75	1.15	3.01	9.99	3.08
Pavarde219	Vardas219	3.27	1.23	6.88	5.38	4.97	3.84
Pavarde222	Vardas222	3.1	8.54	1.27	6.38	5.5	4.6
Pavarde228	Vardas228	7.95	3.06	2.76	1.79	1.29	2.16
Pavarde230	Vardas230	8.85	3.13	9.31	4.72	2.64	4.14
Pavarde231	Vardas231	4.46	1.16	9.85	3.44	2.95	3.11
Pavarde237	Vardas237	4.55	4.92	4.27	2.71	7.31	4.63
Pavarde241	Vardas241	7.15	4.8	3.83	1.26	6.62	4.59
Pavarde242	Vardas242	6.47	7.43	4.59	6.51	6.86	4.89
Pavarde243	Vardas243	8.95	1.34	5.42	6.36	4.97	3.92
Pavarde244	Vardas244	2.08	4.65	8.59	6.25	1.89	3.94
Pavarde246	Vardas246	1.15	2.29	8.58	2.68	7.04	4.28
Pavarde248	Vardas248	7.29	3.14	3.92	7.92	1.31	4.12
Pavarde253	Vardas253	2.84	8.53	4.8	6.51	4.35	4.24
Pavarde255	Vardas255	3.31	5.92	3.57	6.79	3.62	4.43
Pavarde257	Vardas257	2.64	8.38	1.02	5.19	7.21	4.75
Pavarde259	Vardas259	8.96	1.27	1.09	4.1	5.82	4.11
Pavarde260	Vardas260	1.42	2.51	6.62	6.34	8.11	4.22
Pavarde262	Vardas262	3.4	7.41	2.31	8.96	2.42	3.1
Pavarde263	Vardas263	3.85	9.54	4.41	3.82	6.06	4.51
Pavarde267	Vardas267	7.66	3.95	2.97	6.58	1.12	4.12
Pavarde273	Vardas273	2.29	5.52	2.45	3.51	4.52	4.46
Pavarde274	Vardas274	2.83	1.93	2.42	9.85	1.7	4.08
Pavarde275	Vardas275	8.4	6.64	3.63	1.65	6.4	4.98
Pavarde276	Vardas276	4.38	5.31	8.16	1.4	4.37	4.3
Pavarde279	Vardas279	4.8	7.89	8.68	3.85	4.45	4.92
Pavarde280	Vardas280	3.83	3.09	4.44	3.48	7.07	4.73
Pavarde281	Vardas281	6.24	7.89	9.34	5.82	4.42	4.99
Pavarde283	Vardas283	7.7	6.45	1.21	9.7	5.27	4.42
Pavarde289	Vardas289	3.34	6.05	5.27	5.43	1.49	3.71
Pavarde290	Vardas290	9.18	5.96	1.7	5	7.97	4.6
Pavarde291	Vardas291	3.88	3.69	6.88	4.94	8.64	4.49
Pavarde292	Vardas292	4.7	5.8	8.45	3.65	6.78	4.1
Pavarde299	Vardas299	6.72	5.69	2.02	3.06	4.43	3.66
Pavarde302	Vardas302	2.28	3.08	3.68	2.22	1.92	2.79
Pavarde303	Vardas303	7.33	1.83	4.58	3.46	5.23	4.48
Pavarde305	Vardas305	7.9	5.88	2.78	2.62	2.42	3.37
Pavarde307	Vardas307	7.73	6.45	4.77	3.15	7.92	4.45
Pavarde310	Vardas310	1.12	5.78	7.57	2.89	4.25	4.96
Pavarde311	Vardas311	6.69	3.84	1.49	8.17	1.4	3.32
Pavarde314	Vardas314	4.12	9.75	5.75	6.5	3.74	4.57
Pavarde316	Vardas316	1.15	1.94	8.12	5.18	3.47	4.49
Pavarde324	Vardas324	1.25	2.54	2.39	5.37	7.61	2.42
Pavarde331	Vardas331	1.56	3.74	3.11	4.45	5.25	3.72
Pavarde333	Vardas333	7.29	3.69	6.48	3.13	7.12	4.62
Pavarde337	Vardas337	9.71	5.24	1.9	1.57	1.66	3.23
Pavarde339	Vardas339	2.06	5.17	3.97	5.63	3.67	3.76
Pavarde340	Vardas340	2.86	8.59	4.71	1.22	8.31	4.47
Pavarde341	Vardas341	6.99	2.55	3.47	4.3	7.53	3.13
Pavarde344	Vardas344	3.93	4.56	8.96	7.38	3.5	4.9
Pavarde347	Vardas347	2.59	9.6	8.13	5.28	4.72	3.78
Pavarde348	Vardas348	2.39	8.05	5.03	4.84	8.4	4.13
Pavarde349	Vardas349	4.37	9.29	1.39	2.75	9.49	3.05
Pavarde351	Vardas351	1.42	1.41	1.05	1.59	7.55	3.24
Pavarde353	Vardas353	6.54	6.21	6.44	1.7	7.83	4.92
Pavarde363	Vardas363	8.97	9.02	1.04	2.63	1.85	3.8
Pavarde366	Vardas366	4.19	2.87	1.78	2.1	8.83	3.58
Pavarde372	Vardas372	7.7	4.12	5.31	4.24	4.58	4.19
Pavarde373	Vardas373	3.79	3.23	3.44	6.15	6.2	4.73
Pavarde374	Vardas374	9.08	3.18	5.09	8.81	3.49	4.41
Pavarde377	Vardas377	6.01	1.16	1.8	6.96	1.23	2.22
Pavarde381	Vardas381	1.74	1.42	1.67	8	7.95	3.59
Pavarde382	Vardas382	2.2	3.34	4.83	6.97	3.13	4.43
Pavarde383	Vardas383	8.05	2.14	6.79	8.17	5.98	4.83
Pavarde388	Vardas388	5.3	9.15	4.76	3.83	6.95	4.66
Pavarde389	Vardas389	4.97	4.64	8.45	4.1	1.34	4.13
Pavarde390	Vardas390	2.39	4.43	9.2	2.29	3.08	4.64
Pavarde403	Vardas403	9.68	2.78	5.29	5.29	2.7	4.73
Pavarde404	Vardas404	4.27	1.89	3.37	7.67	3.2	4.9
Pavarde406	Vardas406	4.93	7.26	6.57	7.34	1.94	4.57
Pavarde407	Vardas407	5	8.06	4	9.17	3.76	4.1
Pavarde411	Vardas411	4.81	7.04	9.66	6.43	2.94	4.93
Pavarde412	Vardas412	6.27	2.13	1.6	7.07	1.39	3.23
Pavarde419	Vardas419	2.95	9.11	1.1	2.6	2.48	2.51
Pavarde422	Vardas422	6.83	7.93	5.49	6.55	4.69	4.81
Pavarde425	Vardas425	3.47	5.83	9.55	2.09	3.81	3.68
Pavarde426	Vardas426	2.09	2.98	6.3	4.16	2.54	2.81
Pavarde428	Vardas428	1.34	7	2.66	1.48	4.64	3.41
Pavarde429	Vardas429	7.12	2.41	3.79	1.59	1.87	3.06
Pavarde432	Vardas432	1.87	2.31	2.13	1.07	9.04	3.86
Pavarde433	Vardas433	1.97	5.88	1.04	1.4	2.48	1.8
Pavarde437	Vardas437	1.29	3.49	7.06	8.98	4.35	4.24
Pavarde439	Vardas439	4.58	3.84	9.78	7	2.51	3.57
Pavarde440	Vardas440	7.67	1.58	3	3	5.38	3.49
Pavarde445	Vardas445	9.06	4.06	9.83	1.95	3.57	4.32
Pavarde448	Vardas448	3.11	1.62	3.01	9.06	5.09	3.68
Pavarde449	Vardas449	1.04	4.8	2.62	3.09	8.39	3.43
Pavarde450	Vardas450	9.18	6.06	8.14	3.94	6.51	4.55
Pavarde454	Vardas454	4.58	2.42	6.8	8.04	2.69	3.41
Pavarde459	Vardas459	1.21	6.33	4.36	4.24	7.93	4.44
Pavarde466	Vardas466	3.15	8.59	8.3	5.39	2.35	4.03
Pavarde467	Vardas467	2.24	2.37	7.28	9.27	1.81	4.73
Pavarde469	Vardas469	1.31	2.97	8.53	7.47	3.03	3.9
Pavarde471	Vardas471	2.83	5.9	8.26	4.06	1.84	2.97
Pavarde472	Vardas472	3.21	7.37	4.12	5.63	9.36	3.92
Pavarde473	Vardas473	3.76	9.72	2.63	8.57	4.31	3.37
Pavarde478	Vardas478	3.62	1.21	7.6	1.49	6.22	2.86
Pavarde482	Vardas482	4.25	7.35	4.52	3.93	2.27	4.23
Pavarde483	Vardas483	7.02	2.29	8.98	2.16	8.04	4.84
Pavarde486	Vardas486	4.94	3.05	6.84	6.92	1.29	3.5
Pavarde488	Vardas488	8.37	3.18	4.59	3.76	9.93	4.18
Pavarde490	Vardas490	4.17	5.42	5.61	7.63	9.68	4.45
Pavarde494	Vardas494	3.93	8.39	7.61	4.48	5.76	4.39
Pavarde497	Vardas497	6.4	9.33	3.73	2.58	1.56	4.49
Pavarde498	Vardas498	6.84	6.15	9	5.47	3.77	4.88
Pavarde505	Vardas505	4.75	9.65	5.25	9.8	4.5	3.91
Pavarde506	Vardas506	1.44	5.42	6.65	2.43	4.43	4.48
Pavarde508	Vardas508	4.8	7.81	2.17	2.15	4.16	3.12
Pavarde509	Vardas509	1.64	9.28	3.91	6.3	3.75	3.77
Pavarde511	Vardas511	9.42	9.17	3.63	1.05	2.04	3.71
Pavarde513	Vardas513	8.53	4.93	6.32	3.7	1.58	4.63
Pavarde515	Vardas515	4.18	5.82	6.65	3.96	3.34	5
Pavarde516	Vardas516	2.88	1.46	8.65	2.84	7.05	3.31
Pavarde517	Vardas517	3.43	4.12	5.24	2.55	4.63	3.56
Pavarde518	Vardas518	6.05	5.96	2.31	2.57	1.23	2.02
Pavarde527	Vardas527	8.52	2.82	4.45	2.12	2.2	3.46
Pavarde534	Vardas534	2.89	7.41	9.15	6.05	5.79	4.95
Pavarde535	Vardas535	3.33	6.33	5.41	8.16	1.77	4.26
Pavarde536	Vardas536	3.78	5.12	4.19	1.57	5.84	4.57
Pavarde541	Vardas541	9.54	4.8	2.57	4.87	5.45	3.92
Pavarde542	Vardas542	2.03	2.79	4.64	1.45	4.01	2.45
Pavarde545	Vardas545	3.99	1.3	4.88	4.44	2.71	3.19
Pavarde546	Vardas546	4.85	8.09	1.99	1.67	2.27	3.76
Pavarde548	Vardas548	5.2	9.15	2.95	3	8.28	3.94
Pavarde549	Vardas549	1.05	7.8	5.25	8.35	5.72	4.43
Pavarde550	Vardas550	9.7	3.8	1.47	9.4	4.18	4.62
Pavarde555	Vardas555	7.18	3.33	1.84	3.34	1.71	4.25
Pavarde556	Vardas556	3.07	8.01	4.56	2.09	8.69	4.36
Pavarde558	Vardas558	5.73	1.56	1.33	1.57	3.16	3.57
Pavarde568	Vardas568	2.9	1.8	3.68	2.73	1.38	4.32
Pavarde574	Vardas574	8.97	2.82	5.82	4.39	3.67	4.99
Pavarde575	Vardas575	3.11	1.89	9.59	7.92	1.74	4.74
Pavarde582	Vardas582	4.1	1.23	5.5	6.92	3.37	3.74
Pavarde583	Vardas583	3.72	3.78	2.59	3.95	4.49	4.78
Pavarde588	Vardas588	5.24	3.87	5.75	8.9	1.37	4.91
Pavarde592	Vardas592	6.25	2.76	9.28	1.01	1.47	3.68
Pavarde595	Vardas595	2.56	2.66	2.68	4.78	8.72	4.54
Pavarde596	Vardas596	4.63	4.88	5.31	3.62	1.22	3.7
Pavarde597	Vardas597	1.91	9.87	6.47	3.23	3.95	4.87
Pavarde599	Vardas599	9.18	1.79	2.82	2.22	3.44	4.87
Pavarde603	Vardas603	3.66	5.16	2.14	3.97	9.75	4.92
Pavarde605	Vardas605	3.41	2.84	1.77	2.59	5.85	2.9
Pavarde606	Vardas606	1.04	1.1	9.42	6.75	2.12	2
Pavarde608	Vardas608	2.36	5.02	3.31	8.01	3.1	3.64
Pavarde609	Vardas609	6.97	6.91	6.16	6.27	3.23	4.29
Pavarde618	Vardas618	1.5	2.64	7.26	2.66	4.76	4.42
Pavarde628	Vardas628	5.42	8.05	2.72	8.48	4.37	4.26
Pavarde636	Vardas636	9.37	6.45	6.55	3.9	6.51	4.99
Pavarde638	Vardas638	4.57	4.88	1.39	4.79	2.18	4.54
Pavarde641	Vardas641	2.06	1.03	6.6	2.88	4.06	5
Pavarde644	Vardas644	9.31	4.65	5.66	6.94	1.25	4.29
Pavarde645	Vardas645	1.65	7.38	2.87	4.17	8.69	4.76
Pavarde646	Vardas646	2.44	2.01	2.48	1.41	6.84	3.45
Pavarde651	Vardas651	1.71	2.68	6.02	2.49	9.31	3.94
Pavarde654	Vardas654	1.37	9.96	2.16	5.99	2.35	3.88
Pavarde656	Vardas656	1.1	5.59	6.84	1.88	2.2	3
Pavarde658	Vardas658	4.41	2.58	7.43	3.25	5.78	4.58
Pavarde669	Vardas669	4.78	3.23	1.33	4.23	3.62	3.17
Pavarde671	Vardas671	2.85	9.59	6.37	3.11	2.03	3.29
Pavarde675	Vardas675	1.42	6.4	2.65	4.05	5.83	4.54
Pavarde676	Vardas676	2.04	4.38	3.8	4.03	6.82	3.06
Pavarde677	Vardas677	3.07	4.02	2.88	3.29	3.86	2.65
Pavarde680	Vardas680	5.86	8.06	4.81	4.57	1.49	3.45
Pavarde686	Vardas686	8.34	2.4	1.86	3.89	7.17	3.91
Pavarde688	Vardas688	4.42	3	6.75	7.9	4.24	4.84
Pavarde692	Vardas692	9.55	7.77	3.48	1.23	4.32	3.14
Pavarde699	Vardas699	7.72	3.25	1.96	6.21	2.24	3.59
Pavarde700	Vardas700	3.78	3.76	4.64	9.66	1.78	4.9
Pavarde704	Vardas704	3.85	3.6	5.27	6.66	8.6	4.71
Pavarde707	Vardas707	2.59	8.19	6.26	5.27	5.93	4.09
Pavarde708	Vardas708	2.46	6.34	8.33	4.97	1.96	3.51
Pavarde711	Vardas711	2.5	2.67	8.34	3.67	9.81	3.44
Pavarde713	Vardas713	6.1	2.45	1.51	3.28	3.62	4.94
Pavarde714	Vardas714	1.24	4.56	5.96	8.31	1.61	3.17
Pavarde717	Vardas717	1.11	5.69	1.37	1.13	8.53	2.83
Pavarde722	Vardas722	3.36	1.27	4	5.5	1.19	3.81
Pavarde724	Vardas724	9.48	4.31	3.44	1.99	8.06	3.85
Pavarde727	Vardas727	3.39	4.84	3.12	9.66	7.48	4.91
Pavarde729	Vardas729	5.23	1.54	3.25	5.55	7.82	3.87
Pavarde731	Vardas731	3.91	4.38	9.19	5.63	6.94	4.25
Pavarde734	Vardas734	1.23	3.34	6.1	9.8	3.97	2.81
Pavarde735	Vardas735	5.93	5.35	1.44	3.38	2.67	3.94
Pavarde736	Vardas736	4.82	7.76	2.28	2.63	4.38	4.22
Pavarde737	Vardas737	1.21	4.23	6.63	3.63	2.03	4.57
Pavarde738	Vardas738	3.07	9.88	1.35	1.2	2.01	3.43
Pavarde740	Vardas740	2.22	4.27	7.91	4.66	3.76	3.53
Pavarde741	Vardas741	9.9	2.19	1.39	1.03	8.84	2.38
Pavarde742	Vardas742	1.42	1.7	6.56	6.74	3.88	3.38
Pavarde744	Vardas744	4.45	9.48	3.03	1.03	8.94	3.14
Pavarde746	Vardas746	2.31	3.74	6.3	2.54	3.14	2.85
Pavarde751	Vardas751	1.4	8.08	8.55	3.58	1.67	3.86
Pavarde760	Vardas760	4.18	7.87	9.56	4.29	3.73	3.41
Pavarde761	Vardas761	7.58	1.98	3.48	4.04	2.17	4.96
Pavarde764	Vardas764	2.43	3.91	2.5	1.77	9.74	2.19
Pavarde765	Vardas765	9.19	1.69	9.89	6.85	3.12	4.59
Pavarde769	Vardas769	3.59	2.1	2.36	3.65	8.29	3.33
Pavarde776	Vardas776	3.87	3.89	1.86	2.46	5.69	3.6
Pavarde781	Vardas781	2.72	9.16	5.93	9.53	2.18	4.84
Pavarde787	Vardas787	5.46	3.08	8.22	1.73	4.72	4.12
Pavarde792	Vardas792	5.4	3.31	5.67	4.72	3.96	3.72
Pavarde796	Vardas796	4.5	3.98	5.39	8.83	5.95	4.95
Pavarde797	Vardas797	2.04	1.56	8.45	2.21	4	3.44
Pavarde798	Vardas798	4.47	1.11	2.03	2.64	4.47	2.33
Pavarde800	Vardas800	5.53	7.85	4.41	1.72	1.69	3.31
Pavarde801	Vardas801	4.66	3.15	3.98	3.72	2.01	4.74
Pavarde803	Vardas803	8.29	2.39	4.91	3.47	8.24	4.04
Pavarde804	Vardas804	8.67	2.48	5.02	9.29	2.92	4.73
Pavarde805	Vardas805	7.15	3.82	6.2	9.29	3.84	4.23
Pavarde807	Vardas807	3.48	6.74	4.33	7.57	3.8	3.93
Pavarde808	Vardas808	8.25	1.13	1.68	1.97	5.24	2.85
Pavarde809	Vardas809	2.85	2.43	2.65	8.72	1.06	2.15
Pavarde810	Vardas810	5.99	4.33	2.35	3.28	7.44	3.27
Pavarde811	Vardas811	6.92	5.59	8.58	2.28	3.97	4.05
Pavarde812	Vardas812	4	2.03	6.86	3.81	7.22	3.21
Pavarde816	Vardas816	8.65	3.71	4.13	6.74	4.86	3.73
Pavarde819	Vardas819	2.03	1.94	1.29	8.27	9.35	4.19
Pavarde821	Vardas821	4.8	2.55	5.36	7.55	8.52	4.74
Pavarde831	Vardas831	2.69	7.92	2.02	8.88	3.67	4.89
Pavarde832	Vardas832	3.15	4.03	2.7	7.02	7.66	4.16
Pavarde833	Vardas833	3.18	9.76	1.22	2.12	2.9	3.44
Pavarde835	Vardas835	8.41	2.18	1.31	5.04	9.77	3.58
Pavarde837	Vardas837	2.61	2.38	4.55	2.77	9.62	4.8
Pavarde841	Vardas841	3.39	6.27	7.29	2.56	8.41	4.28
Pavarde846	Vardas846	5.35	2.45	6.58	8.5	4.3	3.89
Pavarde847	Vardas847	8.9	3.69	5.04	3.36	1.99	4.32
Pavarde848	Vardas848	5.02	7.03	6.12	2.69	2.15	4.31
Pavarde851	Vardas851	4.35	1.84	7.42	1.56	5.35	3.42
Pavarde855	Vardas855	8.91	5.35	2.17	1.82	3.78	4.78
Pavarde857	Vardas857	4.65	3.44	7.49	2.54	8.24	4.25
Pavarde859	Vardas859	6.57	3.2	2.74	3.34	7.58	3.44
Pavarde860	Vardas860	2.58	4.49	4.77	5.58	2.46	3.56
Pavarde864	Vardas864	9.12	9.89	7.03	6.79	1.44	4.65
Pavarde865	Vardas865	6.26	4.52	6.54	2.66	5.44	3.91
Pavarde866	Vardas866	3.1	3.26	9.64	1.5	6.84	4.84
Pavarde868	Vardas868	6.58	4.85	7.57	1.56	3.36	4.83
Pavarde869	Vardas869	6.2	5.27	4.7	6.68	1.84	3.79
Pavarde870	Vardas870	7.92	4.36	8.19	4.74	6.16	4.44
Pavarde873	Vardas873	1.89	3.77	5.7	8.18	4.33	3.38
Pavarde876	Vardas876	1.85	6.67	8.35	3.33	6.34	4.96
Pavarde882	Vardas882	5.64	4.49	6.33	3.75	7.76	4.68
Pavarde885	Vardas885	9.79	5.5	6.22	4.92	2.29	4.69
Pavarde886	Vardas886	1.77	7.35	2.29	6.09	3.54	3.5
Pavarde887	Vardas887	2.23	2.8	6.32	6.63	5.88	4.18
Pavarde889	Vardas889	2.33	1.02	7.72	4.6	4.96	4.91
Pavarde890	Vardas890	4.46	4.05	3.28	4.89	7.1	4.46
Pavarde894	Vardas894	4.97	1.64	3.86	7.03	2.21	2.89
Pavarde899	Vardas899	1.74	2.79	9.86	4.81	8.7	4.08
Pavarde901	Vardas901	5.92	6.51	2.73	9.35	8.02	4.58
Pavarde907	Vardas907	4.73	1.65	7.63	4.15	9.04	4.52
Pavarde909	Vardas909	7.03	6.06	3.16	2.78	5.54	4.11
Pavarde910	Vardas910	7.46	2.79	3.68	7.61	4.14	2.89
Pavarde911	Vardas911	1.12	8.29	2.51	1.36	2.54	4.52
Pavarde916	Vardas916	1.85	9.41	6.87	5.25	5.79	3.99
Pavarde917	Vardas917	4.91	3.32	1.06	8.44	1.97	2.53
Pavarde919	Vardas919	4.97	9.74	9.88	2.96	6.14	4.21
Pavarde924	Vardas924	1.88	1.6	5.02	8.58	5.25	4.87
Pavarde927	Vardas927	2.99	1.34	7.4	5.84	3.01	3.22
Pavarde929	Vardas929	5.25	3.58	7.21	7.53	5.28	4.72
Pavarde930	Vardas930	3.79	4.52	6.07	5.91	1.25	4.38
Pavarde932	Vardas932	2.1	5.96	3.86	2.48	1.38	4.58
Pavarde936	Vardas936	9.11	2.23	5.33	3.03	3.73	2.68
Pavarde939	Vardas939	3.28	4.06	6.45	4.69	8.89	4.35
Pavarde940	Vardas940	4.25	2.45	4.6	2.32	4.22	3.93
Pavarde941	Vardas941	1.72	3.99	6.46	4.15	8.65	4.72
Pavarde946	Vardas946	5.75	6.99	6.74	9.14	5.7	4.72
Pavarde949	Vardas949	5.62	6.09	1.68	6.68	7.82	4.11
Pavarde951	Vardas951	9.42	8.76	1.56	3.12	1.78	4.6
Pavarde954	Vardas954	1.47	2.54	1.19	9.76	5.72	1.99
Pavarde958	Vardas958	8.8	7.32	1.23	2.61	8.47	4.91
Pavarde959	Vardas959	1.3	4.8	6.49	4.36	2.46	3.78
Pavarde965	Vardas965	4.46	8.48	1.32	3.53	8.74	4.99
Pavarde966	Vardas966	6.37	4.96	6.79	5.35	3.9	4.52
Pavarde967	Vardas967	6.67	4.09	6.74	7.34	3.8	4.51
Pavarde969	Vardas969	3.23	1.66	8.55	3.99	9.99	4.1
Pavarde971	Vardas971	7.39	6.85	5.02	6.44	8.61	4.57
Pavarde979	Vardas979	5.19	2.23	6.69	2.53	2.72	4.25
Pavarde980	Vardas980	4.97	3.94	6.34	4.94	2.22	4.27
Pavarde981	Vardas981	2.05	4.73	4.95	4.53	1.22	3.49
Pavarde982	Vardas982	1.45	3.34	1.97	7.06	9.41	2.62
Pavarde985	Vardas985	1.33	8.09	1.7	8.95	1.2	3.87
Pavarde986	Vardas986	3.15	6.78	2.71	8.52	3.51	3.63
Pavarde991	Vardas991	5.11	1.91	8.9	4.58	1.88	3.46
Pavarde995	Vardas995	7.2	2.35	6.79	1.15	4.5	3.21