
Pavarde0	Vardas0	4.21	7.4	1.15	9.46	7.93	7.22
Pavarde2	Vardas2	5.89	8.76	5.68	6.9	2.92	5.03
Pavarde4	Vardas4	8.03	4.22	1.53	8.16	9.04	5.79
Pavarde5	Vardas5	4.51	6.8	9.98	6.89	2.68	5.54
Pavarde8	Vardas8	9.64	3.56	4.46	6.93	7.77	5.67
Pavarde10	Vardas10	2.59	5.85	6.82	7.67	5.98	7.4
Pavarde13	Vardas13	3.55	1.62	8.45	6.41	1.34	5.93
Pavarde14	Vardas14	9.59	4.81	8.15	2.94	4.07	5.83
Pavarde16	Vardas16	3.79	8.08	7.08	8.96	5.12	6.33
Pavarde19	Vardas19	1.62	5.31	6.16	5.16	5.47	6.72
Pavarde20	Vardas20	1.18	6.29	2.86	4.85	7.05	6.17
Pavarde22	Vardas22	3.99	1.31	7.89	7.8	9.2	6.24
Pavarde27	Vardas27	7.9	8.54	5.14	7.32	6.9	5.1
Pavarde28	Vardas28	6.43	3.8	7.52	7.05	3.3	7.56
Pavarde29	Vardas29	8.47	2.89	7.63	1.71	7.15	7.08
Pavarde30	Vardas30	9.71	6.75	8.21	1.47	8.61	8.47
Pavarde31	Vardas31	9.83	6.21	6.98	7.75	7.7	8.31
Pavarde32	Vardas32	9.74	5.27	2.9	3.04	8.17	6.72
Pavarde33	Vardas33	1.56	8.99	9.59	9.31	2.89	6.73
Pavarde35	Vardas35	5.14	9.76	5.61	6.51	8.49	6.09
Pavarde36	Vardas36	4.74	8.78	9.8	3.62	8.67	6.31
Pavarde37	Vardas37	5.13	3.86	9.44	9.77	9.68	6.26
Pavarde39	Vardas39	7.97	2.98	2.38	9.64	5.63	5.2
Pavarde40	Vardas40	2	4.62	4.46	6.09	7.55	5.37
Pavarde42	Vardas42	1.85	7.37	7.54	9.75	10	6.46
Pavarde43	Vardas43	2.4	6.05	8.69	3.07	4.79	5.47
Pavarde44	Vardas44	6.6	9.38	4.22	8.77	8.12	8.83
Pavarde46	Vardas46	5.83	2.8	7.5	2.78	5.93	6.16
Pavarde48	Vardas48	7.8	9.2	9.9	9.17	7.28	7.94
Pavarde49	Vardas49	1.18	4.53	5.01	8.43	2.63	6.02
Pavarde52	Vardas52	9.38	8.36	3.12	1.18	4.51	5.04
Pavarde53	Vardas53	7.71	8.16	1.17	9.3	6.89	6.93
Pavarde55	Vardas55	1.72	5.51	6.98	7.17	3.28	7.02
Pavarde56	Vardas56	1.08	5.19	3.31	9.27	4.56	6.21
Pavarde58	Vardas58	3.4	2.5	1.45	6.09	7.29	5.12
Pavarde60	Vardas60	9.68	9.64	4.13	1.86	1.72	6.07
Pavarde61	Vardas61	5.46	8.42	1.99	8.24	8.5	7.21
Pavarde62	Vardas62	2.42	7.55	5.17	6.04	2.12	5.86
Pavarde63	Vardas63	5.64	4.68	7.96	9.36	9.32	7.83
Pavarde64	Vardas64	6.07	5.02	8.7	5.45	2.14	7.07
Pavarde65	Vardas65	9.6	8.02	6.28	2.7	9.38	5.25
Pavarde66	Vardas66	9.97	2.02	2.73	6.69	1.89	5.09
Pavarde67	Vardas67	6.47	7.33	9.81	4.21	6.5	7.1
Pavarde68	Vardas68	2.23	8.43	5.56	5.95	2.7	5.16
Pavarde69	Vardas69	8.92	6.39	7.27	7.18	3.79	7.64
Pavarde70	Vardas70	2.3	1.89	8.68	6.69	3.36	5.03
Pavarde73	Vardas73	2.22	4.72	6.35	8.56	4.52	6.47
Pavarde76	Vardas76	7.63	7.26	4.38	2.97	5.77	5.33
Pavarde77	Vardas77	8.52	8.29	8.82	2.64	1.33	5.75
Pavarde78	Vardas78	2.62	5.25	4.22	5.24	3.93	5.2
Pavarde79	Vardas79	3.21	4.84	9.63	4.75	1.23	5.63
Pavarde80	Vardas80	8.66	8.54	6.64	3.26	2.14	7.81
Pavarde82	Vardas82	8.85	7.69	3.89	2.77	6.43	5.29
Pavarde83	Vardas83	2.54	4.12	5.63	2.66	2.47	5.32
Pavarde86	Vardas86	3.95	1.94	5.83	5.91	6.94	6.64
Pavarde88	Vardas88	7.03	9.3	9.62	1.06	2.86	5.81
Pavarde90	Vardas90	3.62	7.8	8.47	5.57	8.87	8.27
Pavarde92	Vardas92	3.29	4.21	7.38	3.12	6.32	5.61
Pavarde93	Vardas93	3.56	8.13	3.33	8.91	9.18	5.67
Pavarde94	Vardas94	2.02	6.34	2.34	3.21	5.63	5.35
Pavarde96	Vardas96	3.26	1.67	8.65	2.74	3.76	5.72
Pavarde98	Vardas98	8.55	8.7	3.6	4.73	8.09	7.18
Pavarde99	Vardas99	9.55	7.02	1.73	7.29	5.93	6.74
Pavarde100	Vardas100	5.4	4.02	7.7	9.23	6.7	7.53
Pavarde101	Vardas101	4.71	1.27	6.65	3.69	1.5	5.17
Pavarde102	Vardas102	1.97	9.06	4.47	4.92	5.95	6.76
Pavarde103	Vardas103	1.57	6.05	3.91	4.21	1.87	5.3
Pavarde105	Vardas105	4.38	3.29	3.4	6.51	8.57	5.22
Pavarde106	Vardas106	8	4.39	4.97	9.18	5.54	5.12
Pavarde108	Vardas108	5.57	8.56	7.83	7.46	2.38	5.43
Pavarde109	Vardas109	9.35	9.38	9.98	4.05	3.57	8.13
Pavarde112	Vardas112	3.11	9.69	9	2.76	1.8	5.49
Pavarde113	Vardas113	8.75	6.69	2.09	3.17	6.51	6.8
Pavarde121	Vardas121	5.8	9.49	3.91	5.14	7.82	5.81
Pavarde122	Vardas122	3.1	9.2	5.8	4.53	9.65	5.61
Pavarde123	Vardas123	4.63	2.87	7.13	8.2	5.74	5.5
Pavarde124	Vardas124	7	7.15	6.59	9.89	5.75	5.58
Pavarde125	Vardas125	2.11	2.99	3.58	5.72	1.5	5.64
Pavarde126	Vardas126	7.63	1.1	3.66	8.18	5.62	5.14
Pavarde128	Vardas128	9.75	6.48	4.88	3.71	7.64	7.71
Pavarde129	Vardas129	5.41	6.31	9.68	3.95	1.41	6.61
Pavarde130	Vardas130	7.6	8.87	8.34	7.86	8.29	6.18
Pavarde131	Vardas131	5.94	4.32	1.29	1.57	4.52	6.38
Pavarde135	Vardas135	7.99	9.93	3.56	3.17	5.68	5.48
Pavarde136	Vardas136	9.01	2.49	1.69	7.36	6.59	5.42
Pavarde137	Vardas137	8.09	4.6	2.58	9.53	7.02	7.27
Pavarde138	Vardas138	9.89	7.57	9.83	6.41	3.56	7.55
Pavarde139	Vardas139	8.98	7.99	4.03	9.71	1.88	7.13
Pavarde140	Vardas140	8.61	7.36	1	3.07	8.04	6.79
Pavarde142	Vardas142	7.27	8.33	9.89	4.66	6.24	5.44
Pavarde144	Vardas144	5.5	9.29	7.63	8.96	4.99	8.27
Pavarde145	Vardas145	7.36	1.39	8.79	3.45	4.57	6.69
Pavarde146	Vardas146	9.19	3.19	6.71	4.5	9.06	6.87
Pavarde147	Vardas147	7.96	2	1.81	7.5	6.99	6.23
Pavarde149	Vardas149	6.24	7.7	8.72	2.58	9.34	6.67
Pavarde151	Vardas151	6.93	8.69	1.73	3.13	7.36	6.43
Pavarde153	Vardas153	2.51	6.4	9.83	6.56	2.2	5.14
Pavarde154	Vardas154	2.92	8.38	9.45	4.94	5.07	6.84
Pavarde155	Vardas155	1.52	1.68	7.96	3.13	9.22	5.61
Pavarde158	Vardas158	7.49	4.5	7.44	4.3	6.64	6.09
Pavarde160	Vardas160	6.71	8.65	2.92	3.42	5.27	5.71
Pavarde161	Vardas161	7.66	6.61	6.83	7.21	5.91	7.47
Pavarde162	Vardas162	4.79	3.05	7.38	2.71	5.22	6.16
Pavarde166	Vardas166	9.3	8.63	6.64	3.69	6.9	6.15
Pavarde168	Vardas168	7.12	8.63	7.43	5.21	4.45	7.2
Pavarde169	Vardas169	5.44	6.99	7.15	3.27	7.45	5.81
Pavarde170	Vardas170	8.91	4.01	7.21	4.48	3.85	5.9
Pavarde171	Vardas171	4.84	2.09	4.33	2.74	9.38	6.06
Pavarde172	Vardas172	3.6	4.91	9.41	1.26	6.47	6.43
Pavarde173	Vardas173	2.94	8.79	6.39	4.81	2.89	5.58
Pavarde174	Vardas174	4.25	2.7	7.33	5.16	7.68	5.4
Pavarde176	Vardas176	9.15	3.13	4.12	3.78	1.07	6.04
Pavarde178	Vardas178	5.89	7.44	2.74	6.37	8.21	7.57
Pavarde179	Vardas179	8.67	3.88	3.94	8.72	4.33	5.31
Pavarde181	Vardas181	3.58	6.39	6.23	6.73	3.97	6.09
Pavarde182	Vardas182	1.27	7.48	2.1	4.68	8.13	6.33
Pavarde184	Vardas184	7.11	1.99	2.67	5.27	8.93	6.9
Pavarde185	Vardas185	6.02	8.78	2.92	1.45	2.49	5.33
Pavarde186	Vardas186	8.06	3.55	9.62	1.79	3.58	5.28
Pavarde187	Vardas187	6.59	8.34	5.02	3.99	7.82	5.35
Pavarde188	Vardas188	10	2.88	8.19	8.43	8.62	8.83
Pavarde191	Vardas191	6.89	7.92	2.49	9.45	7.66	7.72
Pavarde194	Vardas194	5.53	6.45	5.04	6.64	7.9	6.51
Pavarde195	Vardas195	3.28	1.05	5.93	8.05	5.24	6.96
Pavarde197	Vardas197	2.59	6.55	4	6.87	3.06	5.74
Pavarde198	Vardas198	1.64	7.81	7.95	3.52	9.42	8.12
Pavarde199	Vardas199	9.29	2.68	9.66	8.6	6.29	8.28
Pavarde200	Vardas200	6.15	1.01	6.73	6.34	7.78	5.94
Pavarde201	Vardas201	9.19	7.64	3.88	7.34	2.38	5.82
Pavarde202	Vardas202	3.66	3.35	9.13	3.82	2.13	5.97
Pavarde203	Vardas203	4.63	5.47	9.09	8.21	4.57	6.21
Pavarde204	Vardas204	8.52	6.34	2.94	6.3	5.55	7.01
Pavarde206	Vardas206	2.01	7.28	9.84	9.74	3.71	6.8
Pavarde207	Vardas207	7.96	3.69	5.65	8.96	5.71	5.99
Pavarde208	Vardas208	9.95	1.5	8.61	9.43	7.04	7.14
Pavarde209	Vardas209	7.72	6.69	8.16	5.88	8.84	6.15
Pavarde211	Vardas211	3.39	8.54	8.73	7.9	3.14	7.11
Pavarde212	Vardas212	5.53	6.57	4.9	6.71	6.6	6.63
Pavarde213	Vardas213	4.52	5.58	5.66	3.59	2.26	6.15
Pavarde214	Vardas214	5.55	6.95	2.32	4.98	6.24	6.31
Pavarde215	Vardas215	9.94	5.13	4.62	3.31	4.3	6.48
Pavarde217	Vardas217	8.09	7.7	5.86	3	6.44	7.34
Pavarde218	Vardas218	9.93	8.59	4.22	1.96	4.31	5.49
Pavarde220	Vardas220	9.49	6.56	7.09	7.63	8.16	5.73
Pavarde221	Vardas221	9.8	5.56	7.48	3.41	2.56	6.16
Pavarde223	Vardas223	5.44	6.58	5.54	1.76	2.44	6
Pavarde224	Vardas224	9.97	9.03	8.49	3.51	4.37	6.03
Pavarde225	Vardas225	4.55	8.03	8.73	9.36	7.88	6.54
Pavarde226	Vardas226	3.04	1.63	6.68	5.91	8.01	6.06
Pavarde227	Vardas227	9.86	5.43	8.57	1.63	8.32	6.5
Pavarde229	Vardas229	6.97	4.34	7.49	8.3	6.64	5.23
Pavarde232	Vardas232	3.96	1.18	1.48	7.87	3.06	5.19
Pavarde233	Vardas233	9.25	2.01	2.18	4.47	4.31	5.62
Pavarde234	Vardas234	6.96	7.87	6.57	1.28	8.35	5.93
Pavarde235	Vardas235	2.7	7.08	9.39	7.73	8.14	5.11
Pavarde236	Vardas236	4.65	5.25	9.38	6.9	7.54	6.58
Pavarde238	Vardas238	6.28	8.58	8.39	8.46	5.69	8.09
Pavarde239	Vardas239	2.93	5.84	8.17	4.49	8.41	5.32
Pavarde240	Vardas240	4.67	9.32	1.51	2.27	3.85	5.15
Pavarde245	Vardas245	7.77	8.68	4.24	9.36	5.19	7.26
Pavarde247	Vardas247	4.89	3.23	6.09	6.16	9.4	5.87
Pavarde249	Vardas249	8.03	3.81	3.5	9.74	8.85	7.46
Pavarde250	Vardas250	4.56	9.23	5.03	3.9	8.61	6.83
Pavarde251	Vardas251	5.51	9.36	8.81	7.06	6.41	8.2
Pavarde252	Vardas252	5.75	8.91	3.63	7.02	9.91	6.99
Pavarde254	Vardas254	9.98	7.7	1.98	2.74	7.74	5.55
Pavarde256	Vardas256	4.33	7.46	1.75	8.16	9.96	8.12
Pavarde258	Vardas258	5.46	6.96	8.3	8.64	2.17	7.8
Pavarde261	Vardas261	2.7	8.79	7.25	7.89	8.94	5.96
Pavarde264	Vardas264	8.77	7.79	8.74	6.68	9.86	6.98
Pavarde265	Vardas265	4.55	6.14	8.25	2.38	7.24	5.23
Pavarde266	Vardas266	1.83	9.55	6.18	6.21	7.74	7.02
Pavarde268	Vardas268	5.18	6.27	5.16	1.62	3.64	6.62
Pavarde269	Vardas269	7.69	6.94	5.46	1.97	5.56	6.17
Pavarde270	Vardas270	5.37	3.51	9.09	7.25	6.77	6.93
Pavarde271	Vardas271	9.1	5.48	9.81	8.96	1.95	8.93
Pavarde272	Vardas272	1.82	8.44	5.85	7.45	3.89	5.09
Pavarde277	Vardas277	9.69	9.33	9.6	4.92	1.16	9.3
Pavarde278	Vardas278	2.29	8.98	3.75	4.13	8.54	5.42
Pavarde282	Vardas282	7.29	7.32	8.34	6.39	1.37	5.84
Pavarde284	Vardas284	6.06	9.83	6.81	5	9.14	7.62
Pavarde285	Vardas285	2.29	8.48	8.12	5.29	6.79	6.88
Pavarde286	Vardas286	9.94	5.44	9.25	6.64	8.03	8.07
Pavarde287	Vardas287	3.22	1.08	9.01	9.68	9.55	7.16
Pavarde288	Vardas288	6.57	7.67	7.01	9.85	6.43	6.56
Pavarde293	Vardas293	5.99	1.52	7.59	2.66	6.1	6.83
Pavarde294	Vardas294	3.13	2.48	8.71	5.55	4.43	6.17
Pavarde295	Vardas295	3.87	2.66	6.75	1.02	4.61	5.22
Pavarde296	Vardas296	9.01	6.26	8.38	2.7	8.99	6.98
Pavarde297	Vardas297	8.38	7.83	3.57	4.17	2.12	6.37
Pavarde298	Vardas298	2.57	3.53	4.46	6.86	7.86	6.43
Pavarde300	Vardas300	2.72	2.31	8.43	6.26	2.64	5.01
Pavarde301	Vardas301	8.32	6.55	8.04	7.42	9.23	8.36
Pavarde304	Vardas304	7.83	5.81	8.14	3.46	2.3	5.89
Pavarde306	Vardas306	7.67	9.88	6.45	5.72	9.43	6.26
Pavarde308	Vardas308	9.99	1.03	6.21	7.26	7.45	5.22
Pavarde309	Vardas309	4.26	8.61	5.16	4.84	4.77	5.1
Pavarde312	Vardas312	3.13	8.61	6.79	8.81	7.55	5.45
Pavarde313	Vardas313	5.46	8.41	5.2	8.7	2.3	5.14
Pavarde315	Vardas315	8.94	3.47	8.19	3.63	5.75	5.05
Pavarde317	Vardas317	5.98	3.34	3.16	8.66	8.06	5.53
Pavarde318	Vardas318	4.75	9.8	8.73	6.61	8.4	8.36
Pavarde319	Vardas319	9.92	1.98	1.52	2.69	5.46	5.25
Pavarde320	Vardas320	7.96	8.22	4.68	1.62	4.83	6.34
Pavarde321	Vardas321	4.24	6.82	1.25	4.61	3.3	5.57
Pavarde322	Vardas322	2.58	8.94	5.95	3.71	7.72	5.23
Pavarde323	Vardas323	8.18	9.72	7.46	9.53	1.77	5.86
Pavarde325	Vardas325	8.84	5.2	2.04	1.85	7.96	5.05
Pavarde326	Vardas326	2.17	5.03	5.16	5.55	4.49	6.8
Pavarde327	Vardas327	3.14	4.31	5.51	1.12	4.49	5.07
Pavarde328	Vardas328	6.54	9.41	5.8	6.9	8.93	7.28
Pavarde329	Vardas329	8.29	2.41	3.4	8.68	1.61	5.1
Pavarde330	Vardas330	1.93	3.98	4.75	6.42	8.25	5.87
Pavarde332	Vardas332	6.1	8.81	2.05	7.49	8.41	8.13
Pavarde334	Vardas334	9.23	7.28	4.27	3.61	8.31	7.8
Pavarde335	Vardas335	9.97	7.61	1.51	4.78	6.3	6.94
Pavarde336	Vardas336	5.72	1.62	5.94	2.1	9.89	5.52
Pavarde338	Vardas338	6.8	9.74	8.99	8.29	1.58	5.55
Pavarde342	Vardas342	7.76	8.99	7.23	7.09	2.64	5.43
Pavarde343	Vardas343	7.87	6.67	9.72	6.29	8.39	6.7
Pavarde345	Vardas345	1.78	5.06	8	8.91	3.24	6.97
Pavarde346	Vardas346	1.35	8.49	7.28	5.91	3.23	7.18
Pavarde350	Vardas350	7.38	7.23	8.89	8.88	7.06	6.21
Pavarde352	Vardas352	4.12	2.29	8.39	6.22	7.1	7.16
Pavarde354	Vardas354	9.55	4.39	9.86	7.21	9	7.17
Pavarde355	Vardas355	7.99	3.14	5.65	2.02	3.73	5.85
Pavarde356	Vardas356	5.94	9.29	5.25	1.3	6.65	7.45
Pavarde357	Vardas357	3.1	8.26	8.98	6.86	4.29	7.25
Pavarde358	Vardas358	4.01	5.98	8.42	7.81	2.7	5.76
Pavarde359	Vardas359	7.82	3.32	7.83	4.67	1.36	6.05
Pavarde360	Vardas360	5.13	2.14	5.07	5.28	8.03	6.91
Pavarde361	Vardas361	9.61	1.5	3.45	5.04	7.87	6.29
Pavarde362	Vardas362	7.96	8.9	8.8	4.64	3.18	5.62
Pavarde364	Vardas364	7.73	2.69	9.51	9.98	4.75	6.17
Pavarde365	Vardas365	7.25	2.16	5.19	7.93	8.4	5.07
Pavarde367	Vardas367	1.17	2.36	2.89	3.68	8.7	5.01
Pavarde368	Vardas368	9.99	5.68	7.93	2.01	6.52	6.07
Pavarde369	Vardas369	3.69	4.76	3.7	9.86	5.84	6.06
Pavarde370	Vardas370	8.73	2.62	4.24	9.82	4.13	5.94
Pavarde371	Vardas371	9.19	3.75	3.86	7.46	3.84	5.24
Pavarde375	Vardas375	4.39	7.68	5.06	7.57	7.51	6.26
Pavarde376	Vardas376	7.19	5.2	3.64	6.47	7.68	5.41
Pavarde378	Vardas378	3.9	5.86	7.47	8.35	8.54	7.02
Pavarde379	Vardas379	4.32	3.42	1.91	1.09	8.98	5.4
Pavarde380	Vardas380	7.25	7.3	5.65	7.61	1.04	8.15
Pavarde384	Vardas384	4.94	6.05	6.5	7.39	4.1	6.12
Pavarde385	Vardas385	2.56	6.26	8.49	5.62	9.7	6.82
Pavarde386	Vardas386	9.34	7.04	4.56	7.5	4.86	5.4
Pavarde387	Vardas387	8.78	1.8	4.92	1.48	4.04	5.25
Pavarde391	Vardas391	1.11	9.77	5.87	2.4	6.1	7.31
Pavarde392	Vardas392	9.33	1.05	9.24	9.98	5.96	7.9
Pavarde393	Vardas393	1.87	4.3	5.11	7.53	3.44	5.53
Pavarde394	Vardas394	3.59	7.98	6.39	9.15	4.33	5.39
Pavarde395	Vardas395	4.32	4.09	6.66	7.67	6.9	6.84
Pavarde396	Vardas396	2.9	1.3	8.34	5	5.5	5.48
Pavarde397	Vardas397	9.24	8.68	4.11	6.61	4.06	5.48
Pavarde398	Vardas398	3.86	5.1	1.06	1.3	8.44	5.47
Pavarde399	Vardas399	7.86	3.67	7.91	5.54	3.32	6.13
Pavarde400	Vardas400	8.43	1.06	8.46	2.1	1.84	5.11
Pavarde401	Vardas401	5.7	2.47	6.53	7.6	7.59	7.38
Pavarde402	Vardas402	5.84	6.81	6.72	8.71	8.93	5.45
Pavarde405	Vardas405	4.76	1.79	6.5	3.66	4.85	5.66
Pavarde408	Vardas408	2.56	8.02	1.84	7.25	3.79	5.71
Pavarde409	Vardas409	9.15	9.8	7.08	9.94	7.43	8.57
Pavarde410	Vardas410	2.81	3.9	3.45	7.46	8.26	5.1
Pavarde413	Vardas413	4.59	5.96	6.16	5.68	8.26	5.49
Pavarde414	Vardas414	5.25	2.92	9.13	8.44	3.97	7.15
Pavarde415	Vardas415	8.72	9	3.17	6.41	6.01	6.1
Pavarde416	Vardas416	6.41	8.95	4.37	4.41	3.78	6.59
Pavarde417	Vardas417	9.01	9.42	4.08	8.8	7.68	8.34
Pavarde418	Vardas418	4.4	7.5	9.35	5.69	3.68	5.43
Pavarde420	Vardas420	4.35	4.76	6.97	4.96	8.86	6.13
Pavarde421	Vardas421	9.22	6.68	3.87	5.05	6.34	7.24
Pavarde423	Vardas423	6.44	4.89	9.19	9.53	1.66	7.31
Pavarde424	Vardas424	4.13	1.52	1.94	8.45	2.6	5.1
Pavarde427	Vardas427	5.96	1.1	8.04	5.36	8.11	6.8
Pavarde430	Vardas430	2.92	6.04	5.53	7.06	2.24	5.38
Pavarde431	Vardas431	3.33	6.66	4.15	6.62	3.06	5.49
Pavarde434	Vardas434	8.28	5.3	4.08	8.79	8.53	6.58
Pavarde435	Vardas435	4.7	1.88	3.55	2.33	9.95	5.35
Pavarde436	Vardas436	9.75	1.7	3.96	9.02	7.97	8.25
Pavarde438	Vardas438	5.52	3.47	2.02	5.68	5.16	5.59
Pavarde441	Vardas441	5.41	6.76	8.38	2.88	5.69	6.88
Pavarde442	Vardas442	9.77	9.26	6.27	9.15	6.17	8.19
Pavarde443	Vardas443	8.92	3.85	4.71	5.08	1.62	6.72
Pavarde444	Vardas444	8.33	3.86	6.85	2.49	7.27	5.66
Pavarde446	Vardas446	4.44	8.03	7.62	8.63	6.92	5.07
Pavarde447	Vardas447	2.33	1.74	3.58	2.43	9.67	5.24
Pavarde451	Vardas451	1.36	4.91	1.8	7.74	7.22	6.47
Pavarde452	Vardas452	5.43	1.79	7.42	4.25	2.35	5.52
Pavarde453	Vardas453	6.61	3.42	5.5	9.64	7.76	6.41
Pavarde455	Vardas455	6.7	7.96	9.07	7.61	7.28	6.92
Pavarde456	Vardas456	1.25	2.16	6.84	5.38	8.46	5.4
Pavarde457	Vardas457	7.04	5.78	5.84	9.18	5.97	7.46
Pavarde458	Vardas458	1.69	1.37	5.41	8.85	6.66	6.77
Pavarde460	Vardas460	5.55	9.42	4.44	7.08	5.24	6.07
Pavarde461	Vardas461	8.59	7.16	9.31	9.4	8.01	6.35
Pavarde462	Vardas462	9.43	6.49	4.79	5.44	9.13	6.55
Pavarde463	Vardas463	3.01	4.6	5.15	7.41	4.91	6.53
Pavarde464	Vardas464	6.88	7.87	9.55	6.57	8.96	8.04
Pavarde465	Vardas465	2.85	9.78	3.17	6.87	1.29	5.39
Pavarde468	Vardas468	9.73	1.17	8.21	6.58	3.34	6.98
Pavarde470	Vardas470	7.6	1.21	7.13	2.93	5.82	5.74
Pavarde474	Vardas474	7.54	6.97	8.6	4.72	3.73	7.21
Pavarde475	Vardas475	4.61	4.08	3.06	1.33	6.93	5.31
Pavarde476	Vardas476	3.16	9.38	9.34	6.04	6.1	5.5
Pavarde477	Vardas477	7.01	3.99	3.06	1.68	7.18	5.71
Pavarde479	Vardas479	7.66	6.31	7.61	9.86	7.11	5.04
Pavarde480	Vardas480	4.63	8.19	7.25	4.14	4.25	5.55
Pavarde481	Vardas481	3.44	4.88	1.15	7.39	5.69	5.36
Pavarde484	Vardas484	9.61	5.2	1.53	8.99	4.16	6.15
Pavarde485	Vardas485	8.86	1.38	8.19	7.23	7.02	7.61
Pavarde487	Vardas487	3.73	7.31	8.38	5	4.47	5.9
Pavarde489	Vardas489	4.28	7.48	8.9	4.31	3.06	5.13
Pavarde491	Vardas491	8.35	9.62	1.09	9.86	1.21	8.92
Pavarde492	Vardas492	6.97	5.37	2.39	6.86	3.52	5.92
Pavarde493	Vardas493	2.37	5.64	9.92	7.18	5.78	5.1
Pavarde495	Vardas495	9.99	2.85	7.41	6.9	7.6	6.91
Pavarde496	Vardas496	1.44	8.28	4.44	5.76	5.46	5.98
Pavarde499	Vardas499	4.63	9.76	7.09	3.35	7.53	5.29
Pavarde500	Vardas500	2.28	4.74	8.08	5.8	8.34	6.96
Pavarde501	Vardas501	1.54	9.88	9.14	1.45	4.04	5.95
Pavarde502	Vardas502	9.99	5.38	6.66	8.75	4.87	7.96
Pavarde503	Vardas503	3.41	9.38	8.69	5.02	2.52	6.36
Pavarde504	Vardas504	7.45	4.85	4.37	4.44	6.55	5.13
Pavarde507	Vardas507	5.58	1.5	7.7	7.09	7.07	8.15
Pavarde510	Vardas510	9.87	5.4	8.87	6.27	5.08	6.83
Pavarde512	Vardas512	6.1	4.62	7.37	5.14	6.34	5.18
Pavarde514	Vardas514	6.87	2.94	8.29	9.99	9.11	7.13
Pavarde519	Vardas519	9.55	8.92	7.55	8.83	4.35	5.77
Pavarde520	Vardas520	7.06	2.82	4.78	6.55	1.16	6.1
Pavarde521	Vardas521	2.74	9.7	8.23	6.79	2.19	7.37
Pavarde522	Vardas522	4.43	4.81	5.15	4.13	5.22	5.77
Pavarde523	Vardas523	3.82	2.13	8.29	7.69	9.15	6.16
Pavarde524	Vardas524	7.99	8.07	3.39	5.89	9.24	7.98
Pavarde525	Vardas525	3.81	8.53	7.84	5.43	6.43	6.27
Pavarde526	Vardas526	1.24	6.98	4.65	6.17	7.28	6.68
Pavarde528	Vardas528	7.2	8.28	1.07	7.7	1.12	6.56
Pavarde529	Vardas529	9.84	8.7	9.35	2.91	8.96	6.64
Pavarde530	Vardas530	8.43	2.98	6.97	2.68	7.04	7.2
Pavarde531	Vardas531	8.89	8.75	1.66	8.24	9.77	9.05
Pavarde532	Vardas532	4.5	9.13	1.45	1.36	6.97	6.57
Pavarde533	Vardas533	6.05	8.97	2.41	5.78	7.48	6.52
Pavarde537	Vardas537	1.04	8.73	9.8	3.22	4.48	5.98
Pavarde538	Vardas538	8.3	9.11	9.51	6.49	6.26	8.32
Pavarde539	Vardas539	4.17	2.23	4.7	8.87	3.51	6.43
Pavarde540	Vardas540	5.41	6.94	8.23	5.39	4.25	5.27
Pavarde543	Vardas543	5.14	2.98	1.08	5.26	9.27	5.29
Pavarde544	Vardas544	5.08	8.14	4.27	5	6.53	6.35
Pavarde547	Vardas547	1.03	8.49	9.92	7.25	7.57	8.33
Pavarde551	Vardas551	6.11	1.5	9.69	2.37	9.7	6.53
Pavarde552	Vardas552	9.83	7.55	6.48	6.58	1.8	5.26
Pavarde553	Vardas553	6.63	1.54	4.6	1.81	5.58	5.46
Pavarde554	Vardas554	4.87	1.76	1.26	9.47	7.2	5.25
Pavarde557	Vardas557	6.2	7.38	9.25	8.05	4.66	5.81
Pavarde559	Vardas559	3.46	9.83	9.93	5.79	9.67	8.62
Pavarde560	Vardas560	5.42	8.46	5.88	5.67	6.63	7.32
Pavarde561	Vardas561	4.83	4.77	4.46	5.11	9.93	6.25
Pavarde562	Vardas562	8.97	9.34	6.98	5.79	5.45	6.46
Pavarde563	Vardas563	9.65	1.95	8.18	8.6	2.37	6.33
Pavarde564	Vardas564	4.9	1.88	1.94	3.3	9.03	5.4
Pavarde565	Vardas565	8.23	9.54	8.46	8.72	3.62	5.98
Pavarde566	Vardas566	6.29	3.76	4.47	1.23	1.19	5.57
Pavarde567	Vardas567	4.39	3.8	8.93	3.81	9.71	5.85
Pavarde569	Vardas569	8.23	6.23	9.69	1.82	7.71	7.22
Pavarde570	Vardas570	9.57	6.57	7.83	2.74	8.89	5.47
Pavarde571	Vardas571	6.05	9.8	7.6	8.18	8.13	5.83
Pavarde572	Vardas572	8.3	3.47	2.41	6.88	7.32	7.17
Pavarde573	Vardas573	5.07	4.27	4.95	8.8	7.58	6.77
Pavarde576	Vardas576	5.21	9.92	6.97	9.12	6.09	7.85
Pavarde577	Vardas577	2.54	1.16	7.88	7.53	4.89	6.1
Pavarde578	Vardas578	9.59	9	3.76	5.91	9.76	6.93
Pavarde579	Vardas579	7.4	3.79	5.28	1.23	2.3	5.71
Pavarde580	Vardas580	3.78	7.64	7.15	5.26	7.65	7.67
Pavarde581	Vardas581	9.62	9.68	1.33	8.76	7.58	7.24
Pavarde584	Vardas584	8.49	7.47	1.71	6.74	3.93	6.31
Pavarde585	Vardas585	4.16	7.98	8.51	5.54	2.07	6.77
Pavarde586	Vardas586	9.71	5.71	2.9	8.86	8.43	5.67
Pavarde587	Vardas587	3.89	8.99	6.63	5.29	1.5	6.75
Pavarde589	Vardas589	2.53	2.5	4.06	4.56	7.28	5.43
Pavarde590	Vardas590	7.02	8.54	7.6	6.13	9.89	8.02
Pavarde591	Vardas591	8.09	8.35	9.56	9.92	9.12	8.48
Pavarde593	Vardas593	4.48	8.33	1.29	3.5	8	6.64
Pavarde594	Vardas594	1.93	2.95	8.27	5.28	6.48	5.15
Pavarde598	Vardas598	6.33	6.63	4.36	5.2	8.78	7.33
Pavarde600	Vardas600	2.29	6.24	7.52	5.8	9.49	6.69
Pavarde601	Vardas601	7.3	6.15	4.68	3.9	3.15	6.63
Pavarde602	Vardas602	8.55	2.55	5.48	5.89	1.83	6.86
Pavarde604	Vardas604	5.35	6.8	9.02	5.2	9.59	7.26
Pavarde607	Vardas607	9.23	9.62	7.3	6.51	7.54	7.04
Pavarde610	Vardas610	9.5	3.4	1.92	4.87	5.3	5.89
Pavarde611	Vardas611	6.59	4.62	6.51	6.62	1.49	7.21
Pavarde612	Vardas612	3.5	8.45	9.55	4.87	5.78	6.48
Pavarde613	Vardas613	4.36	8.46	6.63	7.48	8.64	7.98
Pavarde614	Vardas614	5.55	2.12	8.74	1.39	8.4	6.71
Pavarde615	Vardas615	5.62	8.53	8.66	9.17	8.86	8.12
Pavarde616	Vardas616	6.46	5.66	8.76	7.93	9.85	7.01
Pavarde617	Vardas617	4.26	9.19	4.89	2.23	7.64	6.64
Pavarde619	Vardas619	7.34	5.28	8.45	5.09	9.28	6.77
Pavarde620	Vardas620	6.84	7.81	4.79	6.87	5.14	7.45
Pavarde621	Vardas621	6.14	8.98	6.5	7.52	3.98	5.59
Pavarde622	Vardas622	5.1	2.52	3.1	9.59	8.94	6.7
Pavarde623	Vardas623	9.3	4.85	6.29	6.24	6.61	5.67
Pavarde624	Vardas624	7.43	9.52	9.82	5.85	8	8.49
Pavarde625	Vardas625	8.64	1.98	1.09	9.06	8.75	8.09
Pavarde626	Vardas626	5.22	3.71	8.59	3.03	9.86	5.55
Pavarde627	Vardas627	8.91	3.23	8.89	1.78	8.37	6.57
Pavarde629	Vardas629	9.52	5.53	9.76	8.24	1.29	7.2
Pavarde630	Vardas630	9.82	7.4	6.34	2.37	9.8	8.34
Pavarde631	Vardas631	3.84	7.42	1.24	7	5.74	6.6
Pavarde632	Vardas632	9.39	1.53	5.63	4.12	5.61	5.09
Pavarde633	Vardas633	7.89	8.79	9.86	2.4	9.51	7.42
Pavarde634	Vardas634	6.28	1.13	2.93	4.14	9.18	6.08
Pavarde635	Vardas635	5.29	7.3	6.51	8.3	1.75	5.46
Pavarde637	Vardas637	7.05	7.46	8.62	8.92	4.26	6.31
Pavarde639	Vardas639	1.47	7.03	9.01	1.92	2.94	5.55
Pavarde640	Vardas640	5.44	6.48	3.86	3.01	5.47	5.98
Pavarde642	Vardas642	6.36	1.22	5.66	7.61	3.72	6.17
Pavarde643	Vardas643	7.44	2.38	8.47	9.99	5.88	5.16
Pavarde647	Vardas647	8.21	5.18	7.96	9.87	5.87	6.04
Pavarde648	Vardas648	6.73	6.74	9.39	9.8	2.63	6.47
Pavarde649	Vardas649	4.45	1.2	5.47	2.57	9.27	5.39
Pavarde650	Vardas650	9.51	6.47	8.23	2.54	8.02	6.09
Pavarde652	Vardas652	9.87	4.94	8.69	9.79	4.29	7.02
Pavarde653	Vardas653	1.12	7.77	5.59	8.22	4.74	6.97
Pavarde655	Vardas655	3.11	2.11	7.43	1.02	8.26	5.14
Pavarde657	Vardas657	7.81	4.63	7.77	1.85	6.38	7.8
Pavarde659	Vardas659	2.04	5.94	8.88	2.89	8.93	7.17
Pavarde660	Vardas660	1.47	1.31	8.13	6.8	8.92	5.18
Pavarde661	Vardas661	3.54	4.08	8.45	6.14	9.13	6.73
Pavarde662	Vardas662	8.58	7.72	2.67	4.32	8.5	5.75
Pavarde663	Vardas663	2.76	2.68	7.74	9.48	9.4	5.16
Pavarde664	Vardas664	8.38	8.85	5.15	8.67	5.18	5.66
Pavarde665	Vardas665	6.65	7.93	4.83	6.94	9.25	7.7
Pavarde666	Vardas666	5.97	5.15	7.8	4.94	1.55	6.45
Pavarde667	Vardas667	6.22	6.45	7.67	1.31	2.06	7.47
Pavarde668	Vardas668	8.89	7.37	6.13	3.73	7.8	7.17
Pavarde670	Vardas670	2.31	7.42	5.89	9.78	7.47	7.51
Pavarde672	Vardas672	1.13	7.06	8.65	7.81	5.09	6.77
Pavarde673	Vardas673	6.56	8.63	4.45	3.05	6.22	7.35
Pavarde674	Vardas674	5.84	3.05	1.37	5.98	1.46	5.79
Pavarde678	Vardas678	8.31	8.37	8.08	9.14	9.92	8.85
Pavarde679	Vardas679	7.16	2.34	8.07	8.15	5.74	5.13
Pavarde681	Vardas681	3.16	1.54	8.18	3.26	4.41	5.82
Pavarde682	Vardas682	8.79	7.04	7.75	7.99	1.9	6.28
Pavarde683	Vardas683	4.86	8.47	7.18	8.02	7.03	5.54
Pavarde684	Vardas684	9.16	4.94	2.96	9.77	9.13	8.71
Pavarde685	Vardas685	3.38	4.89	8.2	2.25	3.91	5.42
Pavarde687	Vardas687	2.22	1.89	3.26	3.16	6.98	5.49
Pavarde689	Vardas689	1.06	2.24	9.67	4.24	3.15	5.19
Pavarde690	Vardas690	2.23	1.36	9.59	7.91	6.61	5.76
Pavarde691	Vardas691	9.67	7.07	3.27	1.77	8.05	6.45
Pavarde693	Vardas693	4.18	6.29	7.66	4.46	6.18	7.08
Pavarde694	Vardas694	4.58	4.68	1.06	1.63	3.86	5.25
Pavarde695	Vardas695	3.45	7.43	9.54	6.43	1.48	6.55
Pavarde696	Vardas696	2.56	1.49	7.63	1.4	7.6	5.26
Pavarde697	Vardas697	8.27	8.09	3.94	6.29	6.67	5.97
Pavarde698	Vardas698	7.83	9.34	7.49	5.97	3.56	5.19
Pavarde701	Vardas701	9.22	6.64	4.23	6.54	7.31	6.66
Pavarde702	Vardas702	1.9	4.73	5.47	5.58	6.23	7.08
Pavarde703	Vardas703	2.06	6.32	5.53	8.55	1.66	6.83
Pavarde705	Vardas705	8.96	7.44	7.09	9.74	9.72	5.94
Pavarde706	Vardas706	4.36	3.95	8.88	9.76	7.02	7.65
Pavarde709	Vardas709	1.51	9.52	6.68	5.15	7.45	6.77
Pavarde710	Vardas710	7.75	3.26	9.88	7.27	4.49	8.23
Pavarde712	Vardas712	8.06	6.53	3.04	9.23	6.74	5.65
Pavarde715	Vardas715	1.56	7.67	6.97	8.45	8.35	5.55
Pavarde716	Vardas716	5.65	9.02	8.13	9.95	5.16	6.29
Pavarde718	Vardas718	2.05	5.44	6.78	7.26	1.39	7.03
Pavarde719	Vardas719	8.56	9.36	6.47	1.6	4.89	5.84
Pavarde720	Vardas720	5.1	1.8	6.86	6.02	1.97	5.89
Pavarde721	Vardas721	9.87	9.66	9.19	7.43	1.45	8.85
Pavarde723	Vardas723	7.7	7.84	3.42	2.93	6.68	6.59
Pavarde725	Vardas725	4.7	2.03	4.62	5.62	6.22	5.74
Pavarde726	Vardas726	5.92	4.14	3.02	6.93	6.9	5.25
Pavarde728	Vardas728	8.3	4.39	7.72	7.89	2.58	8.6
Pavarde730	Vardas730	6.89	8.75	9.22	8.06	5.47	6.66
Pavarde732	Vardas732	6.45	9.36	7.59	3.19	8.86	8.15
Pavarde733	Vardas733	8.31	7.78	2.3	8.52	8.37	6.13
Pavarde739	Vardas739	5.26	4.61	3.12	3.79	8.28	6.23
Pavarde743	Vardas743	5.17	9.41	6.92	9.63	3.1	6.54
Pavarde745	Vardas745	5.6	9.09	1.84	3.34	9.26	5.9
Pavarde747	Vardas747	1.91	8.79	5.81	1.39	9.51	7.44
Pavarde748	Vardas748	7.7	6.19	5.82	6.89	9.99	7.33
Pavarde749	Vardas749	5.55	8.35	7.03	5.69	6.66	6.45
Pavarde750	Vardas750	5.44	1.45	4.52	6.42	3.69	5.59
Pavarde752	Vardas752	7.54	8.28	7.77	4.76	8.88	8.63
Pavarde753	Vardas753	9.8	3.5	9.15	4.66	8.56	6.8
Pavarde754	Vardas754	2.59	2.98	7.09	8.4	8.95	6.87
Pavarde755	Vardas755	1.3	8.5	8.17	7.89	9.88	6.42
Pavarde756	Vardas756	4.65	8.54	9.31	7.64	4.97	6.25
Pavarde757	Vardas757	2.74	9.5	8.42	4.28	4.49	5.55
Pavarde758	Vardas758	2.03	7.9	3.26	4.36	9.62	6.01
Pavarde759	Vardas759	1.57	8.21	7.86	6.8	3.39	6.28
Pavarde762	Vardas762	2.25	2.72	8.33	9.65	7.42	7.57
Pavarde763	Vardas763	9.36	2.88	8.64	8.82	9.42	7.5
Pavarde766	Vardas766	8.34	7.06	7.31	4.41	7.72	5.76
Pavarde767	Vardas767	3.99	6.82	5.83	7.71	6.22	5.52
Pavarde768	Vardas768	7.6	5.5	1.99	1.46	6.38	7
Pavarde770	Vardas770	1.2	5.48	8.02	4.11	6.35	6.98
Pavarde771	Vardas771	9.18	6.66	5	6.9	5.84	6.58
Pavarde772	Vardas772	7.71	8.48	2.6	8.03	7.62	5.1
Pavarde773	Vardas773	8.62	6.68	7.54	7.31	8.1	5.31
Pavarde774	Vardas774	4.53	9.16	6.96	1.83	8.25	7.31
Pavarde775	Vardas775	4.26	7.61	4.1	5.68	5.64	6.12
Pavarde777	Vardas777	9.57	6.58	8.22	4.06	4.54	5.65
Pavarde778	Vardas778	5.41	2.15	6.01	8.01	9.97	5.39
Pavarde779	Vardas779	5.98	3.73	1.74	1.12	9.12	5.54
Pavarde780	Vardas780	3	7.95	6.42	4.62	2.03	5.39
Pavarde782	Vardas782	8.89	2.14	2.2	4.02	9.34	5.47
Pavarde783	Vardas783	2.72	7.11	3.57	3.72	1.87	6.03
Pavarde784	Vardas784	1.6	4.48	9.68	2.32	1.93	5.11
Pavarde785	Vardas785	3.01	9.99	3.09	6.51	7.65	6.68
Pavarde786	Vardas786	1.62	7.37	4.66	6.48	6.21	5.31
Pavarde788	Vardas788	8.65	6.1	9.4	2.14	2.74	6.64
Pavarde789	Vardas789	8.97	4.16	7.51	3.47	8.7	8.03
Pavarde790	Vardas790	5.06	7.44	8.3	2.51	5.1	5.64
Pavarde791	Vardas791	4.94	2.12	9.95	3.17	5.01	6.36
Pavarde793	Vardas793	5.69	8.56	1.01	8.99	9.42	6.27
Pavarde794	Vardas794	2.3	7.67	7.06	5.71	8.81	7.63
Pavarde795	Vardas795	5.67	5.99	7.95	2.73	8.3	6.39
Pavarde799	Vardas799	9.6	5.13	6.47	8.19	8.03	7.03
Pavarde802	Vardas802	9.48	9.47	2.02	4.86	4.16	6.13
Pavarde806	Vardas806	8.94	6.78	8.2	2.55	1.18	6.98
Pavarde813	Vardas813	6.65	8.99	3.71	7.07	5.04	6.01
Pavarde814	Vardas814	6.03	8.51	1.15	8.01	1.24	5.82
Pavarde815	Vardas815	1.95	1.26	6.71	5.62	9.58	6.54
Pavarde817	Vardas817	4.19	7.27	7.18	6.71	3.35	5.97
Pavarde818	Vardas818	9.57	4.84	1.23	1.97	3.8	5.18
Pavarde820	Vardas820	3.2	8.03	4.08	7.7	9.2	8.28
Pavarde822	Vardas822	7.51	2.87	6.74	1.34	9.38	7.5
Pavarde823	Vardas823	7.51	7.02	8.71	3.87	1.24	7.08
Pavarde824	Vardas824	4.12	5.75	9.1	1.07	9.81	7.11
Pavarde825	Vardas825	5.59	6.34	9.09	3.01	6.47	6.24
Pavarde826	Vardas826	3.45	8.74	9.14	5.96	8.11	8.47
Pavarde827	Vardas827	4.16	7.11	7.75	5.46	6.85	6.87
Pavarde828	Vardas828	9.99	3.43	6.86	1.15	9.34	7.11
Pavarde829	Vardas829	4.68	5.21	2.7	8.29	5.06	5.29
Pavarde830	Vardas830	3.37	3.4	7.57	6.07	9.75	7.08
Pavarde834	Vardas834	4.31	4.66	9.57	6.79	5.08	5.29
Pavarde836	Vardas836	9.89	7.72	7.33	2.17	6.09	6.65
Pavarde838	Vardas838	4.13	9.78	2.88	3.46	5.76	5.61
Pavarde839	Vardas839	4.96	5.25	6.56	7.27	2.39	6.78
Pavarde840	Vardas840	6.84	5.41	7.94	9.53	4.38	7.67
Pavarde842	Vardas842	5.27	7.96	6.15	2.58	1.97	6.88
Pavarde843	Vardas843	1.28	5.76	6.58	3.4	4.31	5.78
Pavarde844	Vardas844	3.64	8.19	7.67	2.46	9.42	5.62
Pavarde845	Vardas845	4.37	8.02	1.22	9.63	9.74	8.4
Pavarde849	Vardas849	2.54	5.62	7.21	9.67	7.93	6.18
Pavarde850	Vardas850	1.84	6.18	5.64	3.11	3.84	6.18
Pavarde852	Vardas852	5.73	8.9	5.96	9.02	6.07	6.63
Pavarde853	Vardas853	9.98	6.1	5.96	3.57	9.58	7.24
Pavarde854	Vardas854	9.41	5.81	8.77	1.82	2.87	5.33
Pavarde856	Vardas856	6.41	3.5	8.79	5.16	2.84	5.26
Pavarde858	Vardas858	9.1	9.65	8.23	3.34	7.98	5.37
Pavarde861	Vardas861	6.19	4.09	7.24	8.74	9.21	5.86
Pavarde862	Vardas862	2.23	5.75	8.36	8.55	6.79	6.72
Pavarde863	Vardas863	2.84	8.43	1.37	9.67	7.48	6.48
Pavarde867	Vardas867	1.86	4.76	9.97	7.97	9.46	5.84
Pavarde871	Vardas871	5.31	8.33	3.75	5.13	3.26	5.25
Pavarde872	Vardas872	9.04	3.76	7.15	7.81	9.19	7.64
Pavarde874	Vardas874	9.5	9.58	9.48	2.63	2.94	8.75
Pavarde875	Vardas875	5.69	7.38	2.86	2.66	3.09	5.41
Pavarde877	Vardas877	8.53	4.03	6.88	9.17	2.37	6.52
Pavarde878	Vardas878	8.18	6.64	9.24	4.42	9.64	7.29
Pavarde879	Vardas879	7.28	3.25	2.27	4.92	1.75	5.46
Pavarde880	Vardas880	8.74	9.35	8.25	5.44	9.22	8.21
Pavarde881	Vardas881	4.39	5.02	6.43	7.72	2.51	6.46
Pavarde883	Vardas883	8.6	3.92	6.03	4.42	9.93	6.89
Pavarde884	Vardas884	4.72	6	2.27	6.92	9.74	6.53
Pavarde888	Vardas888	9.4	5.31	8.86	2.27	9.16	7.74
Pavarde891	Vardas891	9.31	3.98	5.01	5.06	6.97	6.6
Pavarde892	Vardas892	2.2	9.63	9.46	2.11	9.77	7.7
Pavarde893	Vardas893	7.96	5.09	2.7	6.22	4.51	6.43
Pavarde895	Vardas895	9.35	2.32	7.22	6.44	4.9	5.32
Pavarde896	Vardas896	3.06	4.81	6.03	3.21	8.16	5.79
Pavarde897	Vardas897	9.29	9.54	4.99	4.45	3.28	5.66
Pavarde898	Vardas898	3.82	8.54	9.96	8.42	2.24	7.45
Pavarde900	Vardas900	7.13	6.93	6.3	7.84	6.46	6.99
Pavarde902	Vardas902	5.82	9.47	8.4	3.09	3.32	6.2
Pavarde903	Vardas903	7.31	7.86	5.12	8.95	2.27	8.26
Pavarde904	Vardas904	9.97	5.25	9.48	6.01	5.24	5.17
Pavarde905	Vardas905	2.77	7.08	6.96	3.08	9.41	5.62
Pavarde906	Vardas906	7.73	9.72	2.18	8.35	3.62	5.49
Pavarde908	Vardas908	6.24	7.42	6.55	5.76	4.44	5.55
Pavarde912	Vardas912	4.42	8.93	4.53	8.5	6.67	5.09
Pavarde913	Vardas913	9.16	8.95	4.23	9.24	5.17	8.88
Pavarde914	Vardas914	3.71	5.31	5.52	7.96	7.32	6.22
Pavarde915	Vardas915	6.66	1.08	5.54	4.33	7.5	7.3
Pavarde918	Vardas918	4.66	8.36	4.81	6.94	6.44	5.9
Pavarde920	Vardas920	8.74	7.09	6.87	1.87	8.48	7.84
Pavarde921	Vardas921	4.88	9.57	8.06	6.14	6.05	5.41
Pavarde922	Vardas922	9.52	5.75	8.58	9.62	5.22	8.98
Pavarde923	Vardas923	3.74	9.65	9.64	6.46	4.97	5.43
Pavarde925	Vardas925	8.16	5.53	8.74	9.86	4.69	8.44
Pavarde926	Vardas926	3.82	9.65	1.65	6.21	6.74	7.09
Pavarde928	Vardas928	1.78	8.62	6.46	1.47	2.33	5.01
Pavarde931	Vardas931	8.31	3.54	8.48	9	9.13	5.82
Pavarde933	Vardas933	9.15	9.56	4.41	7.91	9.57	6.92
Pavarde934	Vardas934	9.28	4.66	1.79	4.23	9.53	5.8
Pavarde935	Vardas935	2.42	6.54	9.98	9.58	9.51	9.46
Pavarde937	Vardas937	9.04	4.17	6.84	5.56	8.09	7.3
Pavarde938	Vardas938	8.4	6.53	9.04	3.78	8.48	7.86
Pavarde942	Vardas942	6.54	8.1	6.16	4.57	9.33	5.14
Pavarde943	Vardas943	7.14	2.34	4.38	5.44	8.8	7.12
Pavarde944	Vardas944	9.78	4.33	1.76	6.5	9.53	5.88
Pavarde945	Vardas945	7.06	9.06	5.03	6.62	6.1	5.1
Pavarde947	Vardas947	9.94	6.64	9.92	1.32	6.5	6.7
Pavarde948	Vardas948	6.44	9.43	9.51	1.88	6.84	7.46
Pavarde950	Vardas950	1.5	7.47	8.1	5.8	8.49	7.61
Pavarde952	Vardas952	7.7	7.25	6.74	7.04	1.44	5.74
Pavarde953	Vardas953	8.58	4.72	9.01	6.91	3.39	7.83
Pavarde955	Vardas955	8.85	7.39	9.7	2.57	7.38	7.35
Pavarde956	Vardas956	7.63	4.42	5.12	6.08	8.89	5.15
Pavarde957	Vardas957	4.71	5.91	4.93	3.03	9.94	6.47
Pavarde960	Vardas960	2.52	1.44	7.31	5.39	9.33	6.35
Pavarde961	Vardas961	9.25	3.81	4.64	2.82	7.01	5.77
Pavarde962	Vardas962	9.92	9.02	6.54	2.19	8.49	8.28
Pavarde963	Vardas963	7.68	3.9	8.08	9.68	8.29	7.57
Pavarde964	Vardas964	9.66	4.88	5.18	9.15	3.01	6.85
Pavarde968	Vardas968	1.02	6.64	7.78	6.96	4.96	5.34
Pavarde970	Vardas970	5.9	2.23	7.73	5.53	5.85	6.21
Pavarde972	Vardas972	5.63	7.71	6.01	7.52	2.32	7.46
Pavarde973	Vardas973	9.4	1.4	9.39	7.06	3.61	7.15
Pavarde974	Vardas974	2.18	4.69	4.84	4.7	9.25	5.78
Pavarde975	Vardas975	8.64	5.88	5.18	6.41	4.62	5.36
Pavarde976	Vardas976	6.13	3.17	6.93	5.2	9.17	7.53
Pavarde977	Vardas977	8.94	2.11	9.92	7.65	4.72	5.98
Pavarde978	Vardas978	5.95	6.49	8.02	6.67	4.4	5.93
Pavarde983	Vardas983	2.01	5.55	6.49	8.18	6.81	7.26
Pavarde984	Vardas984	1.29	7.05	4.17	4.86	5.79	6.66
Pavarde987	Vardas987	7.63	1.27	4.84	8.31	8.58	5.6
Pavarde988	Vardas988	1.77	7.69	3.8	9.51	6.66	5.87
Pavarde989	Vardas989	4.07	5.53	7.86	4.04	9.39	6.91
Pavarde990	Vardas990	8.84	2.01	9.46	6.24	4.07	6.77
Pavarde992	Vardas992	7.85	1.63	1.25	4.98	9.85	6.85
Pavarde993	Vardas993	5.82	4.87	7.38	8.51	5.09	6.16
Pavarde994	Vardas994	5.19	9.13	5.61	4.52	9.81	7.15
Pavarde996	Vardas996	7.41	3.72	6.79	6.5	5.77	7.78
Pavarde997	Vardas997	1.09	2.91	9.36	5.06	5.05	5.97
Pavarde998	Vardas998	3.03	9.82	9.69	4.09	9.89	6.86
Pavarde999	Vardas999	8.75	7.57	5.6	2.09	5.82	7.31